=~=~=~=~=~=~=~=~=~=~=~= PuTTY log 2021.12.03 23:52:32 =~=~=~=~=~=~=~=~=~=~=~=
3484
-127,00.81,153372
-127,0.81,153390
-127,0.81,153409
-127,0.81,153428
-127,0.81,153446
-127,0.81,153465
-127,0.81,153484
-127,0Found MPU-6050
------------------------------------
Sensor:       MPU6050_T
Type:         Ambient Temp (C)
Driver Ver:   1
Unique ID:    1616
Min Value:    -40.00
Max Value:    105.00
Resolution:   0.00
------------------------------------

------------------------------------
Sensor:       MPU6050_A
Type:         Acceleration (m/s2)
Driver Ver:   1
Unique ID:    1617
Min Value:    -156.91
Max Value:    156.91
Resolution:   0.06
------------------------------------

------------------------------------
Sensor:       MPU6050_G
Type:         Gyroscopic (rad/s)
Driver Ver:   1
Unique ID:    1618
Min Value:    -34.91
Max Value:    34.91
Resolution:   0.00
------------------------------------

Done Setup MPU-6050
Configured Timer registers
Setup pin modes
Setup interrupts
Setup Cubic, waiting 5s
127,0.05,1
127,0.05,1
127,0.05,2
127,0.05,3
127,0.05,3
127,0.05,5
127,0.32,17
127,2.09,31
127,3.48,44
127,5.76,57
127,7.33,72
127,8.62,85
127,9.71,98
127,11.32,113
127,12.88,129
127,14.74,144
127,15.80,160
127,17.49,175
127,19.20,191
127,20.61,207
127,22.00,222
127,23.51,238
127,24.54,253
127,25.67,269
127,26.81,285
127,27.85,300
127,29.09,315
127,30.09,332
127,31.17,347
127,32.45,363
127,33.42,378
127,34.30,393
127,35.22,410
127,36.36,425
127,37.40,440
127,37.94,456
127,38.88,472
127,39.67,487
127,40.48,503
127,41.34,518
127,42.23,535
127,42.92,550
127,43.63,565
127,44.62,581
127,45.14,597
127,45.93,612
127,46.47,628
127,47.31,643
127,48.18,658
127,48.78,675
127,49.40,690
127,49.71,706
127,50.67,721
127,51.00,737
127,51.67,753
127,52.36,768
127,52.71,783
127,53.43,800
127,54.17,815
127,54.17,831
127,54.92,846
127,55.31,862
127,56.10,878
127,56.10,893
127,56.91,908
127,57.33,924
127,57.75,940
127,58.18,955
127,58.61,971
127,59.50,986
127,59.50,1003
127,59.95,1019
127,60.42,1035
127,60.88,1052
127,60.88,1069
127,61.84,1085
127,62.33,1102
127,62.33,1118
127,62.83,1136
127,62.83,1152
127,63.34,1168
127,63.85,1185
127,63.85,1202
127,64.38,1219
127,64.38,1235
127,65.45,1251
127,64.91,1269
127,66.00,1285
127,66.56,1302
127,66.56,1318
127,66.56,1335
127,67.13,1352
127,67.13,1368
127,67.13,1384
127,67.71,1402
127,68.30,1418
127,67.71,1435
127,68.89,1451
127,68.89,1468
127,69.50,1485
127,69.50,1501
127,69.50,1518
127,70.12,1535
127,70.12,1551
127,70.76,1568
127,70.12,1584
127,70.76,1602
127,70.76,1618
127,71.40,1634
127,72.05,1651
127,71.40,1668
127,72.05,1685
127,72.72,1701
127,72.05,1717
127,72.72,1735
127,73.40,1751
127,72.72,1767
127,73.40,1784
127,73.40,1801
127,73.40,1818
127,73.40,1834
127,74.09,1850
127,73.40,1868
127,74.09,1884
127,74.80,1901
127,74.09,1917
127,74.80,1934
127,74.80,1951
127,74.80,1967
127,75.52,1984
127,75.52,2001
127,75.52,2017
127,75.52,2034
127,75.52,2050
127,75.52,2067
127,75.52,2084
127,76.25,2100
127,75.52,2117
127,75.52,2134
127,77.00,2150
127,76.25,2167
127,76.25,2183
127,77.00,2201
127,77.00,2217
127,77.00,2233
127,77.00,2250
127,77.00,2267
127,77.00,2284
127,77.76,2300
127,77.00,2316
127,77.76,2334
127,77.76,2350
127,77.76,2367
127,78.54,2383
127,77.76,2400
127,77.76,2417
127,78.54,2433
127,77.76,2449
127,78.54,2467
127,78.54,2483
127,78.54,2500
127,78.54,2516
127,78.54,2533
127,79.33,2550
127,79.33,2566
127,78.54,2583
127,78.54,2600
127,78.54,2616
127,78.54,2633
127,79.33,2649
127,78.54,2667
127,80.14,2683
127,79.33,2699
127,79.33,2716
127,79.33,2733
127,80.14,2749
127,80.14,2766
127,79.33,2782
127,79.33,2800
127,80.14,2816
127,80.14,2832
127,79.33,2849
127,80.14,2866
127,80.14,2883
127,80.14,2899
127,80.14,2915
127,79.33,2933
127,80.14,2949
127,80.14,2966
127,80.14,2982
127,80.14,2999
127,80.14,3016
127,80.14,3032
127,80.14,3048
127,80.97,3066
127,80.97,3082
127,80.14,3099
127,80.97,3115
127,80.97,3132
127,80.97,3149
127,80.97,3165
127,80.97,3182
127,80.97,3199
127,80.97,3215
127,80.14,3232
127,81.81,3248
127,80.97,3266
127,81.81,3282
127,80.97,3298
127,81.81,3315
127,80.97,3332
127,81.81,3349
127,81.81,3365
127,80.97,3381
127,80.97,3399
127,80.97,3415
127,80.14,3431
127,81.81,3448
127,81.81,3465
127,80.97,3482
127,81.81,3498
127,80.97,3514
127,81.81,3532
127,81.81,3548
127,81.81,3565
127,81.81,3581
127,82.67,3598
127,82.67,3615
127,81.81,3631
127,81.81,3648
127,82.67,3665
127,81.81,3681
127,81.81,3698
127,81.81,3714
127,81.81,3731
127,82.67,3748
127,82.67,3764
127,81.81,3781
127,81.81,3798
127,81.81,3814
127,82.67,3831
127,82.67,3847
127,82.67,3865
127,82.67,3881
127,82.67,3897
127,82.67,3914
127,82.67,3931
127,82.67,3948
127,82.67,3964
127,82.67,3980
127,81.81,3998
127,82.67,4014
127,81.81,4031
127,82.67,4047
127,82.67,4064
127,82.67,4081
127,82.67,4097
127,82.67,4113
127,82.67,4131
127,82.67,4147
127,82.67,4164
127,82.67,4180
127,82.67,4197
127,82.67,4214
127,82.67,4230
127,82.67,4247
127,82.67,4264
127,82.67,4280
127,82.67,4297
127,81.81,4313
127,82.67,4331
127,82.67,4347
127,81.81,4363
127,82.67,4380
127,82.67,4397
127,82.67,4413
127,83.55,4430
127,82.67,4446
127,83.55,4464
127,82.67,4480
127,82.67,4496
127,82.67,4513
127,82.67,4530
127,83.55,4547
127,83.55,4563
127,83.55,4579
127,82.67,4597
127,82.67,4613
127,83.55,4630
127,83.55,4646
127,82.67,4663
127,82.67,4680
127,82.67,4696
127,83.55,4712
127,82.67,4730
127,82.67,4746
127,82.67,4763
127,83.55,4779
127,82.67,4796
127,83.55,4813
127,82.67,4829
127,83.55,4846
127,82.67,4863
127,82.67,4879
127,82.67,4896
127,82.67,4912
127,84.45,4930
127,82.67,4946
127,82.67,4962
127,83.55,4979
127,82.67,4996
-127,82.67,5014
-127,79.33,5031
-127,77.00,5048
-127,74.09,5067
-127,70.76,5084
-127,67.71,5102
-127,64.91,5119
-127,62.33,5137
-127,59.50,5155
-127,56.50,5172
-127,53.07,5191
-127,50.67,5208
-127,47.89,5226
-127,44.88,5243
-127,41.78,5261
-127,39.27,5279
-127,36.70,5296
-127,34.00,5314
-127,31.04,5332
-127,28.35,5349
-127,25.92,5367
-127,23.37,5384
-127,20.51,5403
-127,18.31,5420
-127,15.90,5437
-127,13.61,5456
-127,10.86,5473
-127,8.59,5490
-127,6.52,5506
-127,4.91,5523
-127,2.57,5540
-127,2.57,5556
-127,0.91,5573
-127,3.22,5590
-127,5.70,5606
-127,7.66,5623
-127,9.60,5639
-127,11.50,5658
-127,13.66,5675
-127,15.22,5692
-127,17.00,5710
-127,18.44,5728
-127,20.19,5746
-127,21.58,5763
-127,22.96,5781
-127,24.54,5799
-127,25.84,5816
-127,27.27,5834
-127,28.66,5851
-127,30.09,5870
-127,31.04,5887
-127,32.19,5904
-127,33.42,5923
-127,34.60,5940
-127,35.86,5958
-127,36.87,5975
-127,37.58,5994
-127,38.88,6011
-127,39.67,6028
-127,40.69,6046
-127,41.56,6064
-127,42.45,6082
-127,43.39,6099
-127,44.12,6116
-127,45.14,6135
-127,45.66,6152
-127,46.75,6170
-127,47.31,6188
-127,48.48,6205
-127,48.78,6223
-127,49.71,6240
-127,50.67,6259
-127,51.33,6276
-127,51.67,6294
-127,52.36,6311
-127,52.71,6329
-127,53.43,6347
-127,54.17,6364
-127,54.92,6382
-127,55.70,6400
-127,56.10,6417
-127,56.10,6435
-127,57.33,6453
-127,57.33,6471
-127,58.18,6488
-127,59.05,6506
-127,59.05,6524
-127,59.50,6541
-127,59.95,6559
-127,60.42,6576
-127,60.88,6595
-127,61.36,6612
-127,61.84,6629
-127,62.33,6647
-127,62.83,6665
-127,63.34,6683
-127,63.85,6700
-127,63.85,6719
-127,64.38,6736
-127,64.38,6753
-127,64.91,6771
-127,65.45,6789
-127,65.45,6807
-127,66.00,6824
-127,66.56,6841
-127,67.13,6860
-127,67.13,6877
-127,67.13,6895
-127,67.13,6912
-127,67.71,6930
-127,68.30,6948
-127,68.30,6965
-127,68.89,6983
-127,68.89,7001
-127,68.89,7019
-127,69.50,7036
-127,69.50,7054
-127,69.50,7072
-127,70.12,7089
-127,70.12,7107
-127,70.76,7125
-127,70.76,7142
-127,71.40,7160
-127,71.40,7177
-127,71.40,7196
-127,72.05,7213
-127,72.05,7231
-127,72.05,7248
-127,72.72,7266
-127,71.40,7284
-127,72.72,7301
-127,73.40,7320
-127,73.40,7337
-127,73.40,7354
-127,73.40,7372
-127,74.09,7390
-127,74.09,7408
-127,74.09,7425
-127,74.80,7442
-127,74.80,7461
-127,74.80,7478
-127,74.80,7496
-127,75.52,7514
-127,74.80,7532
-127,75.52,7549
-127,75.52,7566
-127,75.52,7585
-127,76.25,7602
-127,76.25,7620
-127,76.25,7637
-127,76.25,7655
-127,76.25,7673
-127,77.00,7690
-127,76.25,7708
-127,76.25,7726
-127,77.00,7744
-127,77.00,7761
-127,77.00,7778
-127,77.00,7797
-127,77.76,7814
-127,77.76,7832
-127,77.00,7850
-127,77.76,7867
-127,77.76,7885
-127,77.76,7902
-127,77.76,7921
-127,78.54,7938
-127,78.54,7955
-127,78.54,7973
-127,77.76,7991
-127,78.54,8009
-127,77.76,8026
-127,78.54,8044
-127,78.54,8062
-127,79.33,8079
-127,78.54,8097
-127,78.54,8114
-127,79.33,8133
-127,79.33,8150
-127,79.33,8167
-127,79.33,8186
-127,79.33,8203
-127,79.33,8221
-127,80.14,8238
-127,79.33,8257
-127,79.33,8274
-127,80.14,8291
-127,80.14,8309
-127,79.33,8327
-127,80.14,8345
-127,80.14,8362
-127,79.33,8380
-127,79.33,8398
-127,80.14,8415
-127,80.14,8433
-127,80.14,8451
-127,80.14,8469
-127,80.14,8486
-127,80.14,8503
-127,80.97,8522
-127,80.14,8539
-127,80.14,8557
-127,80.14,8574
-127,80.97,8592
-127,80.97,8610
-127,80.97,8627
-127,80.14,8645
-127,80.97,8663
-127,80.14,8680
-127,80.97,8698
-127,81.81,8716
-127,80.97,8734
-127,80.97,8751
-127,81.81,8769
-127,80.97,8787
-127,80.97,8804
-127,81.81,8822
-127,81.81,8839
-127,81.81,8858
-127,80.97,8875
-127,81.81,8892
-127,81.81,8910
-127,81.81,8928
-127,81.81,8946
-127,80.97,8963
-127,81.81,8982
-127,81.81,8999
-127,81.81,9016
-127,81.81,9034
-127,81.81,9052
-127,81.81,9070
-127,81.81,9087
-127,81.81,9104
-127,81.81,9123
-127,81.81,9140
-127,82.67,9158
-127,81.81,9175
-127,82.67,9194
-127,81.81,9211
-127,82.67,9228
-127,82.67,9246
-127,81.81,9264
-127,82.67,9282
-127,81.81,9299
-127,82.67,9317
-127,82.67,9335
-127,81.81,9352
-127,82.67,9370
-127,81.81,9388
-127,82.67,9405
-127,81.81,9423
-127,81.81,9440
-127,82.67,9459
-127,82.67,9476
-127,82.67,9494
-127,82.67,9511
-127,82.67,9529
-127,82.67,9547
-127,82.67,9564
-127,82.67,9583
-127,82.67,9600
-127,82.67,9617
-127,81.81,9635
-127,82.67,9653
-127,81.81,9671
-127,82.67,9688
-127,82.67,9706
-127,82.67,9724
-127,82.67,9741
-127,82.67,9759
-127,82.67,9776
-127,82.67,9795
-127,83.55,9812
-127,82.67,9829
-127,82.67,9848
-127,82.67,9865
-127,82.67,9883
-127,82.67,9900
-127,83.55,9919
-127,82.67,9936
-127,83.55,9953
-127,82.67,9971
-127,83.55,9989
-127,82.67,10007
-127,82.67,10025
-127,83.55,10044
-127,83.55,10063
-127,83.55,10081
-127,82.67,10100
-127,83.55,10119
-127,83.55,10138
-127,83.55,10156
-127,82.67,10175
-127,82.67,10194
-127,81.81,10212
-127,82.67,10231
-127,83.55,10250
-127,82.67,10269
-127,83.55,10287
-127,82.67,10306
-127,82.67,10325
-127,83.55,10343
-127,83.55,10362
-127,82.67,10381
-127,82.67,10400
-127,83.55,10418
-127,83.55,10437
-127,83.55,10456
-127,83.55,10475
-127,83.55,10493
-127,83.55,10512
-127,83.55,10531
-127,83.55,10549
-127,82.67,10568
-127,82.67,10587
-127,83.55,10606
-127,83.55,10624
-127,82.67,10643
-127,83.55,10662
-127,82.67,10680
-127,83.55,10699
-127,82.67,10718
-127,83.55,10737
-127,82.67,10755
-127,83.55,10774
-127,83.55,10793
-127,83.55,10811
-127,83.55,10830
-127,83.55,10849
-127,83.55,10868
-127,83.55,10886
-127,83.55,10905
-127,82.67,10924
-127,83.55,10943
-127,82.67,10961
-127,83.55,10980
-127,83.55,10999
-127,83.55,11017
-127,83.55,11036
-127,82.67,11055
-127,83.55,11074
-127,82.67,11092
-127,84.45,11111
-127,83.55,11130
-127,83.55,11148
-127,82.67,11167
-127,83.55,11186
-127,83.55,11205
-127,83.55,11223
-127,83.55,11242
-127,82.67,11261
-127,83.55,11279
-127,83.55,11298
-127,83.55,11317
-127,83.55,11336
-127,83.55,11354
-127,83.5